y = [22368823.976,8900683.19531,8557809.40987,8212675.32514,8004025.26708,7956573.63976,7910451.865,7897965.90005,7886044.61461,7881491.50945]

x = [1,2,3,4,5,6,7,8,9,10]